0 0.220703125 0.30859375 0.0595703125 0.060546875
0 0.5859375 0.279296875 0.068359375 0.0673828125
0 0.697265625 0.3212890625 0.060546875 0.0576171875
0 0.4091796875 0.33984375 0.068359375 0.0859375
4 0.25 0.841796875 0.0654296875 0.0283203125
4 0.361328125 0.9296875 0.037109375 0.03125
4 0.421875 0.9306640625 0.0341796875 0.033203125
4 0.599609375 0.921875 0.0751953125 0.041015625
4 0.6884765625 0.912109375 0.0732421875 0.033203125
4 0.126953125 0.814453125 0.0498046875 0.087890625
1 0.201171875 0.5654296875 0.1923828125 0.6279296875
1 0.3876953125 0.6201171875 0.1845703125 0.6845703125
1 0.59765625 0.603515625 0.1826171875 0.7373046875
1 0.7138671875 0.61328125 0.1748046875 0.65625