0 0.779296875 0.30859375 0.0595703125 0.060546875
0 0.4140625 0.279296875 0.068359375 0.0673828125
0 0.302734375 0.3212890625 0.060546875 0.0576171875
0 0.5908203125 0.33984375 0.068359375 0.0859375
4 0.75 0.841796875 0.0654296875 0.0283203125
4 0.638671875 0.9296875 0.037109375 0.03125
4 0.578125 0.9306640625 0.0341796875 0.033203125
4 0.400390625 0.921875 0.0751953125 0.041015625
4 0.3115234375 0.912109375 0.0732421875 0.033203125
4 0.873046875 0.814453125 0.0498046875 0.087890625
1 0.798828125 0.5654296875 0.1923828125 0.6279296875
1 0.6123046875 0.6201171875 0.1845703125 0.6845703125
1 0.40234375 0.603515625 0.1826171875 0.7373046875
1 0.2861328125 0.61328125 0.1748046875 0.65625