0 0.2255859375 0.2138671875 0.0859375 0.099609375
0 0.345703125 0.20703125 0.0732421875 0.076171875
0 0.435546875 0.158203125 0.0654296875 0.0888671875
0 0.509765625 0.166015625 0.072265625 0.072265625
4 0.21484375 0.8857421875 0.076171875 0.087890625
4 0.2666015625 0.8837890625 0.076171875 0.076171875
4 0.3486328125 0.861328125 0.083984375 0.0595703125
4 0.4716796875 0.890625 0.099609375 0.052734375
1 0.2119140625 0.544921875 0.1923828125 0.802734375
1 0.3193359375 0.5234375 0.1591796875 0.740234375
1 0.51171875 0.517578125 0.248046875 0.845703125