0 0.033203125 0.361328125 0.0654296875 0.1064453125
0 0.130859375 0.3583984375 0.0751953125 0.0830078125
0 0.1982421875 0.4345703125 0.0595703125 0.0751953125
0 0.3173828125 0.3798828125 0.046875 0.056640625
0 0.470703125 0.396484375 0.041015625 0.052734375
0 0.5244140625 0.4130859375 0.0361328125 0.044921875
0 0.587890625 0.43359375 0.041015625 0.0419921875
0 0.669921875 0.396484375 0.041015625 0.0419921875
0 0.7109375 0.43359375 0.046875 0.0703125
0 0.8466796875 0.46875 0.068359375 0.0751953125
4 0.212890625 0.9765625 0.0595703125 0.0283203125
4 0.30078125 0.939453125 0.029296875 0.041015625
4 0.3369140625 0.9326171875 0.0419921875 0.041015625
4 0.427734375 0.8759765625 0.021484375 0.0361328125
4 0.4853515625 0.873046875 0.0361328125 0.0341796875
4 0.541015625 0.84375 0.0263671875 0.03125
4 0.498046875 0.837890625 0.0263671875 0.025390625
4 0.56640625 0.8662109375 0.0419921875 0.0361328125
4 0.6064453125 0.88671875 0.03125 0.048828125
4 0.638671875 0.8603515625 0.041015625 0.033203125
4 0.673828125 0.921875 0.0439453125 0.025390625
4 0.701171875 0.9443359375 0.046875 0.033203125
1 0.8583984375 0.70703125 0.1484375 0.5859375
1 0.7041015625 0.6796875 0.0859375 0.560546875
1 0.6630859375 0.6328125 0.076171875 0.521484375
1 0.59765625 0.6640625 0.0908203125 0.5185546875
1 0.5283203125 0.607421875 0.0703125 0.4658203125
1 0.4580078125 0.6357421875 0.091796875 0.5498046875
1 0.3212890625 0.658203125 0.130859375 0.626953125
1 0.1962890625 0.69140625 0.0859375 0.6171875
1 0.1181640625 0.6572265625 0.119140625 0.685546875
1 0.037109375 0.6484375 0.0732421875 0.7001953125