0 0.966796875 0.361328125 0.0654296875 0.1064453125
0 0.869140625 0.3583984375 0.0751953125 0.0830078125
0 0.8017578125 0.4345703125 0.0595703125 0.0751953125
0 0.6826171875 0.3798828125 0.046875 0.056640625
0 0.529296875 0.396484375 0.041015625 0.052734375
0 0.4755859375 0.4130859375 0.0361328125 0.044921875
0 0.412109375 0.43359375 0.041015625 0.0419921875
0 0.330078125 0.396484375 0.041015625 0.0419921875
0 0.2890625 0.43359375 0.046875 0.0703125
0 0.1533203125 0.46875 0.068359375 0.0751953125
4 0.787109375 0.9765625 0.0595703125 0.0283203125
4 0.69921875 0.939453125 0.029296875 0.041015625
4 0.6630859375 0.9326171875 0.0419921875 0.041015625
4 0.572265625 0.8759765625 0.021484375 0.0361328125
4 0.5146484375 0.873046875 0.0361328125 0.0341796875
4 0.458984375 0.84375 0.0263671875 0.03125
4 0.501953125 0.837890625 0.0263671875 0.025390625
4 0.43359375 0.8662109375 0.0419921875 0.0361328125
4 0.3935546875 0.88671875 0.03125 0.048828125
4 0.361328125 0.8603515625 0.041015625 0.033203125
4 0.326171875 0.921875 0.0439453125 0.025390625
4 0.298828125 0.9443359375 0.046875 0.033203125
1 0.1416015625 0.70703125 0.1484375 0.5859375
1 0.2958984375 0.6796875 0.0859375 0.560546875
1 0.3369140625 0.6328125 0.076171875 0.521484375
1 0.40234375 0.6640625 0.0908203125 0.5185546875
1 0.4716796875 0.607421875 0.0703125 0.4658203125
1 0.5419921875 0.6357421875 0.091796875 0.5498046875
1 0.6787109375 0.658203125 0.130859375 0.626953125
1 0.8037109375 0.69140625 0.0859375 0.6171875
1 0.8818359375 0.6572265625 0.119140625 0.685546875
1 0.962890625 0.6484375 0.0732421875 0.7001953125