0 0.7744140625 0.2138671875 0.0859375 0.099609375
0 0.654296875 0.20703125 0.0732421875 0.076171875
0 0.564453125 0.158203125 0.0654296875 0.0888671875
0 0.490234375 0.166015625 0.072265625 0.072265625
4 0.78515625 0.8857421875 0.076171875 0.087890625
4 0.7333984375 0.8837890625 0.076171875 0.076171875
4 0.6513671875 0.861328125 0.083984375 0.0595703125
4 0.5283203125 0.890625 0.099609375 0.052734375
1 0.7880859375 0.544921875 0.1923828125 0.802734375
1 0.6806640625 0.5234375 0.1591796875 0.740234375
1 0.48828125 0.517578125 0.248046875 0.845703125